District Coordinates
====================

District 1
18,10,
457,16,
424,54,
372,56,
372,99,
447,100,
452,203,
411,205,
411,188,
370,189,
325,184,
326,220,
267,221,
270,289,
6,282

District 2
466,14,
427,57,
375,59,
375,99,
457,99,
456,252,
489,252,
487,291,
551,285,
547,126,
513,126,
491,102,
522,99,
531,81,
510,52,
527,25

District 3
535,83,
525,106,
501,105,
519,127,
546,123,
546,90

District 4
276,291,
273,224,
330,223,
328,187,
408,194,
408,209,
454,207,
454,258,
486,256,
484,293